  0.104198E-04  0.218078E+08  0.218078E+08  0.290598E+08  0.290598E+08  0.217932E+08  0.218078E+08
  0.109541E-04  0.218078E+08  0.218078E+08  0.290580E+08  0.290580E+08  0.217932E+08  0.218078E+08
  0.115157E-04  0.218078E+08  0.218078E+08  0.290560E+08  0.290560E+08  0.217932E+08  0.218078E+08
  0.121061E-04  0.218078E+08  0.218078E+08  0.290538E+08  0.290537E+08  0.217932E+08  0.218078E+08
  0.127268E-04  0.218078E+08  0.218078E+08  0.290513E+08  0.290513E+08  0.217932E+08  0.218077E+08
  0.133793E-04  0.218078E+08  0.218078E+08  0.290486E+08  0.290485E+08  0.217932E+08  0.218077E+08
  0.140653E-04  0.218078E+08  0.218078E+08  0.290456E+08  0.290455E+08  0.217932E+08  0.218077E+08
  0.147864E-04  0.218078E+08  0.218078E+08  0.290422E+08  0.290422E+08  0.217931E+08  0.218077E+08
  0.155445E-04  0.218078E+08  0.218078E+08  0.290386E+08  0.290385E+08  0.217931E+08  0.218077E+08
  0.163415E-04  0.218078E+08  0.218078E+08  0.290345E+08  0.290345E+08  0.217931E+08  0.218077E+08
  0.171794E-04  0.218078E+08  0.218078E+08  0.290300E+08  0.290300E+08  0.217931E+08  0.218077E+08
  0.180602E-04  0.218078E+08  0.218078E+08  0.290251E+08  0.290250E+08  0.217931E+08  0.218077E+08
  0.189861E-04  0.218078E+08  0.218078E+08  0.290196E+08  0.290195E+08  0.217930E+08  0.218077E+08
  0.199596E-04  0.218077E+08  0.218077E+08  0.290136E+08  0.290135E+08  0.217930E+08  0.218077E+08
  0.209829E-04  0.218077E+08  0.218077E+08  0.290069E+08  0.290068E+08  0.217930E+08  0.218077E+08
  0.220588E-04  0.218077E+08  0.218077E+08  0.289995E+08  0.289994E+08  0.217929E+08  0.218076E+08
  0.231897E-04  0.218077E+08  0.218077E+08  0.289914E+08  0.289912E+08  0.217929E+08  0.218076E+08
  0.243787E-04  0.218077E+08  0.218077E+08  0.289823E+08  0.289822E+08  0.217929E+08  0.218076E+08
  0.256286E-04  0.218077E+08  0.218077E+08  0.289724E+08  0.289722E+08  0.217928E+08  0.218076E+08
  0.269426E-04  0.218076E+08  0.218076E+08  0.289614E+08  0.289612E+08  0.217928E+08  0.218076E+08
  0.283240E-04  0.218076E+08  0.218076E+08  0.289492E+08  0.289490E+08  0.217927E+08  0.218075E+08
  0.297762E-04  0.218076E+08  0.218076E+08  0.289358E+08  0.289356E+08  0.217926E+08  0.218075E+08
  0.313029E-04  0.218076E+08  0.218076E+08  0.289210E+08  0.289208E+08  0.217926E+08  0.218075E+08
  0.329078E-04  0.218075E+08  0.218075E+08  0.289046E+08  0.289043E+08  0.217925E+08  0.218074E+08
  0.345950E-04  0.218075E+08  0.218075E+08  0.288865E+08  0.288862E+08  0.217924E+08  0.218074E+08
  0.363687E-04  0.218074E+08  0.218074E+08  0.288665E+08  0.288662E+08  0.217923E+08  0.218074E+08
  0.382334E-04  0.218074E+08  0.218074E+08  0.288444E+08  0.288441E+08  0.217922E+08  0.218073E+08
  0.401937E-04  0.218074E+08  0.218074E+08  0.288201E+08  0.288197E+08  0.217921E+08  0.218073E+08
  0.422545E-04  0.218073E+08  0.218073E+08  0.287931E+08  0.287927E+08  0.217919E+08  0.218072E+08
  0.444209E-04  0.218072E+08  0.218072E+08  0.287634E+08  0.287630E+08  0.217918E+08  0.218072E+08
  0.466984E-04  0.218072E+08  0.218072E+08  0.287306E+08  0.287301E+08  0.217916E+08  0.218071E+08
  0.490927E-04  0.218071E+08  0.218071E+08  0.286944E+08  0.286938E+08  0.217915E+08  0.218070E+08
  0.516097E-04  0.218070E+08  0.218070E+08  0.286544E+08  0.286538E+08  0.217913E+08  0.218069E+08
  0.542558E-04  0.218069E+08  0.218069E+08  0.286102E+08  0.286096E+08  0.217911E+08  0.218068E+08
  0.570375E-04  0.218068E+08  0.218068E+08  0.285615E+08  0.285608E+08  0.217908E+08  0.218067E+08
  0.599619E-04  0.218067E+08  0.218067E+08  0.285078E+08  0.285070E+08  0.217906E+08  0.218066E+08
  0.630362E-04  0.218066E+08  0.218066E+08  0.284485E+08  0.284476E+08  0.217903E+08  0.218065E+08
  0.662682E-04  0.218065E+08  0.218065E+08  0.283831E+08  0.283821E+08  0.217899E+08  0.218064E+08
  0.696658E-04  0.218063E+08  0.218063E+08  0.283110E+08  0.283099E+08  0.217896E+08  0.218062E+08
  0.732377E-04  0.218061E+08  0.218061E+08  0.282315E+08  0.282303E+08  0.217892E+08  0.218061E+08
  0.769926E-04  0.218060E+08  0.218060E+08  0.281438E+08  0.281425E+08  0.217888E+08  0.218059E+08
  0.809401E-04  0.218058E+08  0.218058E+08  0.280473E+08  0.280458E+08  0.217883E+08  0.218057E+08
  0.850900E-04  0.218055E+08  0.218055E+08  0.279409E+08  0.279393E+08  0.217878E+08  0.218054E+08
  0.894527E-04  0.218053E+08  0.218053E+08  0.278238E+08  0.278220E+08  0.217872E+08  0.218052E+08
  0.940390E-04  0.218050E+08  0.218050E+08  0.276949E+08  0.276930E+08  0.217865E+08  0.218049E+08
  0.988605E-04  0.218047E+08  0.218047E+08  0.275530E+08  0.275509E+08  0.217858E+08  0.218046E+08
  0.103929E-03  0.218044E+08  0.218044E+08  0.273970E+08  0.273947E+08  0.217850E+08  0.218043E+08
  0.109258E-03  0.218040E+08  0.218040E+08  0.272255E+08  0.272230E+08  0.217842E+08  0.218039E+08
  0.114860E-03  0.218036E+08  0.218036E+08  0.270371E+08  0.270344E+08  0.217832E+08  0.218035E+08
  0.120748E-03  0.218032E+08  0.218032E+08  0.268303E+08  0.268273E+08  0.217821E+08  0.218031E+08
  0.126939E-03  0.218027E+08  0.218027E+08  0.266034E+08  0.266002E+08  0.217810E+08  0.218026E+08
  0.133448E-03  0.218021E+08  0.218021E+08  0.263547E+08  0.263512E+08  0.217797E+08  0.218020E+08
  0.140290E-03  0.218016E+08  0.218015E+08  0.260822E+08  0.260784E+08  0.217782E+08  0.218014E+08
  0.147483E-03  0.218009E+08  0.218009E+08  0.257841E+08  0.257800E+08  0.217766E+08  0.218008E+08
  0.155044E-03  0.218002E+08  0.218002E+08  0.254583E+08  0.254539E+08  0.217749E+08  0.218000E+08
  0.162993E-03  0.217994E+08  0.217994E+08  0.251025E+08  0.250978E+08  0.217730E+08  0.217992E+08
  0.171350E-03  0.217985E+08  0.217985E+08  0.247146E+08  0.247095E+08  0.217708E+08  0.217983E+08
  0.180136E-03  0.217975E+08  0.217975E+08  0.242923E+08  0.242868E+08  0.217685E+08  0.217973E+08
  0.189371E-03  0.217964E+08  0.217964E+08  0.238332E+08  0.238274E+08  0.217659E+08  0.217962E+08
  0.199081E-03  0.217952E+08  0.217952E+08  0.233350E+08  0.233289E+08  0.217630E+08  0.217950E+08
  0.209288E-03  0.217939E+08  0.217939E+08  0.227955E+08  0.227890E+08  0.217599E+08  0.217937E+08
  0.220018E-03  0.217925E+08  0.217924E+08  0.222125E+08  0.222058E+08  0.217564E+08  0.217923E+08
  0.231299E-03  0.217909E+08  0.217909E+08  0.215841E+08  0.215771E+08  0.217525E+08  0.217907E+08
  0.243158E-03  0.217891E+08  0.217891E+08  0.209086E+08  0.209014E+08  0.217483E+08  0.217889E+08
  0.255625E-03  0.217872E+08  0.217872E+08  0.201846E+08  0.201773E+08  0.217436E+08  0.217869E+08
  0.268731E-03  0.217850E+08  0.217850E+08  0.194112E+08  0.194039E+08  0.217385E+08  0.217848E+08
  0.282509E-03  0.217827E+08  0.217827E+08  0.185883E+08  0.185811E+08  0.217328E+08  0.217824E+08
  0.296993E-03  0.217801E+08  0.217801E+08  0.177163E+08  0.177094E+08  0.217265E+08  0.217798E+08
  0.312220E-03  0.217773E+08  0.217773E+08  0.167966E+08  0.167902E+08  0.217196E+08  0.217770E+08
  0.328228E-03  0.217742E+08  0.217741E+08  0.158318E+08  0.158261E+08  0.217120E+08  0.217738E+08
  0.345057E-03  0.217707E+08  0.217707E+08  0.148255E+08  0.148209E+08  0.217036E+08  0.217704E+08
  0.362748E-03  0.217670E+08  0.217670E+08  0.137830E+08  0.137798E+08  0.216944E+08  0.217666E+08
  0.381347E-03  0.217628E+08  0.217628E+08  0.127111E+08  0.127095E+08  0.216842E+08  0.217624E+08
  0.400899E-03  0.217583E+08  0.217583E+08  0.116180E+08  0.116187E+08  0.216731E+08  0.217579E+08
  0.421454E-03  0.217534E+08  0.217533E+08  0.105142E+08  0.105175E+08  0.216608E+08  0.217529E+08
  0.443062E-03  0.217479E+08  0.217479E+08  0.941146E+07  0.941799E+07  0.216473E+08  0.217474E+08
  0.465778E-03  0.217420E+08  0.217420E+08  0.832342E+07  0.833369E+07  0.216325E+08  0.217414E+08
  0.489659E-03  0.217355E+08  0.217355E+08  0.726500E+07  0.727957E+07  0.216162E+08  0.217349E+08
  0.514765E-03  0.217284E+08  0.217284E+08  0.625209E+07  0.627150E+07  0.215984E+08  0.217278E+08
  0.541157E-03  0.217207E+08  0.217207E+08  0.530089E+07  0.532563E+07  0.215788E+08  0.217200E+08
  0.568903E-03  0.217123E+08  0.217122E+08  0.442709E+07  0.445758E+07  0.215574E+08  0.217115E+08
  0.598071E-03  0.217031E+08  0.217030E+08  0.364494E+07  0.368146E+07  0.215339E+08  0.217022E+08
  0.628735E-03  0.216931E+08  0.216931E+08  0.296596E+07  0.300863E+07  0.215082E+08  0.216922E+08
  0.660971E-03  0.216823E+08  0.216822E+08  0.239783E+07  0.244652E+07  0.214802E+08  0.216812E+08
  0.694859E-03  0.216705E+08  0.216704E+08  0.194308E+07  0.199741E+07  0.214495E+08  0.216693E+08
  0.730486E-03  0.216577E+08  0.216576E+08  0.159821E+07  0.165751E+07  0.214160E+08  0.216565E+08
  0.767938E-03  0.216439E+08  0.216438E+08  0.135311E+07  0.141640E+07  0.213795E+08  0.216425E+08
  0.807312E-03  0.216289E+08  0.216288E+08  0.119124E+07  0.125726E+07  0.213397E+08  0.216274E+08
  0.848703E-03  0.216127E+08  0.216126E+08  0.109069E+07  0.115800E+07  0.212964E+08  0.216111E+08
  0.892217E-03  0.215952E+08  0.215951E+08  0.102630E+07  0.109334E+07  0.212493E+08  0.215934E+08
  0.937962E-03  0.215763E+08  0.215762E+08  0.972755E+06  0.103799E+07  0.211982E+08  0.215743E+08
  0.986052E-03  0.215559E+08  0.215558E+08  0.908319E+06  0.970417E+06  0.211427E+08  0.215538E+08
  0.103661E-02  0.215340E+08  0.215338E+08  0.818692E+06  0.876680E+06  0.210826E+08  0.215316E+08
  0.108976E-02  0.215103E+08  0.215101E+08  0.699934E+06  0.753317E+06  0.210176E+08  0.215078E+08
  0.114563E-02  0.214849E+08  0.214847E+08  0.559453E+06  0.608261E+06  0.209472E+08  0.214821E+08
  0.120437E-02  0.214575E+08  0.214573E+08  0.414131E+06  0.458874E+06  0.208714E+08  0.214545E+08
  0.126612E-02  0.214281E+08  0.214279E+08  0.285315E+06  0.326839E+06  0.207896E+08  0.214248E+08
  0.133103E-02  0.213966E+08  0.213963E+08  0.191512E+06  0.230796E+06  0.207017E+08  0.213930E+08
  0.139927E-02  0.213627E+08  0.213625E+08  0.140973E+06  0.178936E+06  0.206073E+08  0.213588E+08
  0.147102E-02  0.213264E+08  0.213261E+08  0.127301E+06  0.164714E+06  0.205062E+08  0.213222E+08
  0.154644E-02  0.212876E+08  0.212872E+08  0.000000E+00  0.000000E+00  0.203980E+08  0.212830E+08
  0.162573E-02  0.212459E+08  0.212456E+08  0.000000E+00  0.000000E+00  0.202825E+08  0.212410E+08
  0.170908E-02  0.212014E+08  0.212010E+08  0.000000E+00  0.000000E+00  0.201595E+08  0.211960E+08
  0.179670E-02  0.211539E+08  0.211534E+08  0.000000E+00  0.000000E+00  0.200289E+08  0.211481E+08
  0.188882E-02  0.211031E+08  0.211026E+08  0.000000E+00  0.000000E+00  0.198905E+08  0.210968E+08
  0.198567E-02  0.210489E+08  0.210483E+08  0.000000E+00  0.000000E+00  0.197442E+08  0.210422E+08
  0.208747E-02  0.209912E+08  0.209905E+08  0.000000E+00  0.000000E+00  0.195899E+08  0.209839E+08
  0.219450E-02  0.209297E+08  0.209290E+08  0.000000E+00  0.000000E+00  0.194275E+08  0.209219E+08
  0.230701E-02  0.208643E+08  0.208635E+08  0.000000E+00  0.000000E+00  0.192571E+08  0.208560E+08
  0.242530E-02  0.207948E+08  0.207939E+08  0.000000E+00  0.000000E+00  0.190787E+08  0.207859E+08
  0.254965E-02  0.207210E+08  0.207200E+08  0.000000E+00  0.000000E+00  0.188922E+08  0.207115E+08
  0.268037E-02  0.206427E+08  0.206417E+08  0.000000E+00  0.000000E+00  0.186977E+08  0.206326E+08
  0.281779E-02  0.205598E+08  0.205586E+08  0.000000E+00  0.000000E+00  0.184952E+08  0.205491E+08
  0.296226E-02  0.204720E+08  0.204708E+08  0.000000E+00  0.000000E+00  0.182845E+08  0.204606E+08
  0.311414E-02  0.203792E+08  0.203778E+08  0.000000E+00  0.000000E+00  0.180657E+08  0.203672E+08
  0.327381E-02  0.202812E+08  0.202797E+08  0.000000E+00  0.000000E+00  0.178384E+08  0.202685E+08
  0.344166E-02  0.201778E+08  0.201761E+08  0.000000E+00  0.000000E+00  0.176026E+08  0.201644E+08
  0.361812E-02  0.200688E+08  0.200670E+08  0.000000E+00  0.000000E+00  0.173580E+08  0.200547E+08
  0.380362E-02  0.199540E+08  0.199520E+08  0.000000E+00  0.000000E+00  0.171044E+08  0.199392E+08
  0.399864E-02  0.198333E+08  0.198311E+08  0.000000E+00  0.000000E+00  0.168415E+08  0.198177E+08
  0.420366E-02  0.197065E+08  0.197041E+08  0.000000E+00  0.000000E+00  0.165690E+08  0.196901E+08
  0.441918E-02  0.195734E+08  0.195707E+08  0.000000E+00  0.000000E+00  0.162869E+08  0.195562E+08
  0.464576E-02  0.194338E+08  0.194308E+08  0.000000E+00  0.000000E+00  0.159950E+08  0.194158E+08
  0.488395E-02  0.192875E+08  0.192843E+08  0.000000E+00  0.000000E+00  0.156935E+08  0.192686E+08
  0.513436E-02  0.191343E+08  0.191308E+08  0.000000E+00  0.000000E+00  0.153823E+08  0.191146E+08
  0.539760E-02  0.189742E+08  0.189703E+08  0.000000E+00  0.000000E+00  0.150618E+08  0.189536E+08
  0.567434E-02  0.188068E+08  0.188026E+08  0.000000E+00  0.000000E+00  0.147323E+08  0.187853E+08
  0.596527E-02  0.186321E+08  0.186274E+08  0.000000E+00  0.000000E+00  0.143940E+08  0.186097E+08
  0.627111E-02  0.184498E+08  0.184446E+08  0.000000E+00  0.000000E+00  0.140474E+08  0.184265E+08
  0.659264E-02  0.182598E+08  0.182541E+08  0.000000E+00  0.000000E+00  0.136929E+08  0.182356E+08
  0.693066E-02  0.180619E+08  0.180557E+08  0.000000E+00  0.000000E+00  0.133309E+08  0.180367E+08
  0.728600E-02  0.178560E+08  0.178492E+08  0.000000E+00  0.000000E+00  0.129620E+08  0.178299E+08
  0.765956E-02  0.176418E+08  0.176344E+08  0.000000E+00  0.000000E+00  0.125867E+08  0.176148E+08
  0.805227E-02  0.174193E+08  0.174111E+08  0.000000E+00  0.000000E+00  0.122056E+08  0.173913E+08
  0.846512E-02  0.171882E+08  0.171793E+08  0.000000E+00  0.000000E+00  0.118192E+08  0.171594E+08
  0.889914E-02  0.169511E+08  0.169414E+08  0.000000E+00  0.000000E+00  0.114300E+08  0.169213E+08
  0.935540E-02  0.167034E+08  0.166928E+08  0.000000E+00  0.000000E+00  0.110358E+08  0.166728E+08
  0.983507E-02  0.164469E+08  0.164353E+08  0.000000E+00  0.000000E+00  0.106384E+08  0.164154E+08
  0.103393E-01  0.161815E+08  0.161688E+08  0.000000E+00  0.000000E+00  0.102386E+08  0.161491E+08
  0.108694E-01  0.159070E+08  0.158932E+08  0.000000E+00  0.000000E+00  0.983728E+07  0.158737E+08
  0.114267E-01  0.156169E+08  0.156019E+08  0.000000E+00  0.000000E+00  0.943132E+07  0.155829E+08
  0.120126E-01  0.153230E+08  0.153066E+08  0.000000E+00  0.000000E+00  0.902870E+07  0.152881E+08
  0.126285E-01  0.150195E+08  0.150017E+08  0.000000E+00  0.000000E+00  0.862691E+07  0.149839E+08
  0.132760E-01  0.147064E+08  0.146872E+08  0.000000E+00  0.000000E+00  0.822684E+07  0.146702E+08
  0.139566E-01  0.143882E+08  0.143674E+08  0.000000E+00  0.000000E+00  0.783174E+07  0.143513E+08
  0.146722E-01  0.140565E+08  0.140340E+08  0.000000E+00  0.000000E+00  0.743792E+07  0.140190E+08
  0.154245E-01  0.137153E+08  0.136910E+08  0.000000E+00  0.000000E+00  0.704838E+07  0.136773E+08
  0.162153E-01  0.133633E+08  0.133371E+08  0.000000E+00  0.000000E+00  0.666324E+07  0.133248E+08
  0.170467E-01  0.130033E+08  0.129752E+08  0.000000E+00  0.000000E+00  0.628472E+07  0.129644E+08
  0.179207E-01  0.126345E+08  0.126043E+08  0.000000E+00  0.000000E+00  0.591316E+07  0.125952E+08
  0.188395E-01  0.122573E+08  0.122250E+08  0.000000E+00  0.000000E+00  0.554967E+07  0.122178E+08
  0.198054E-01  0.118719E+08  0.118375E+08  0.000000E+00  0.000000E+00  0.519483E+07  0.118321E+08
  0.208208E-01  0.114791E+08  0.114425E+08  0.000000E+00  0.000000E+00  0.484940E+07  0.114392E+08
  0.218883E-01  0.110798E+08  0.110411E+08  0.000000E+00  0.000000E+00  0.451428E+07  0.110399E+08
  0.230106E-01  0.106750E+08  0.106342E+08  0.000000E+00  0.000000E+00  0.419053E+07  0.106352E+08
  0.241904E-01  0.102660E+08  0.102231E+08  0.000000E+00  0.000000E+00  0.387885E+07  0.102263E+08
  0.254306E-01  0.985424E+07  0.980944E+07  0.000000E+00  0.000000E+00  0.357981E+07  0.981479E+07
  0.267345E-01  0.943984E+07  0.939330E+07  0.000000E+00  0.000000E+00  0.329381E+07  0.940076E+07
  0.281052E-01  0.902589E+07  0.897785E+07  0.000000E+00  0.000000E+00  0.302178E+07  0.898728E+07
  0.295462E-01  0.861597E+07  0.856671E+07  0.000000E+00  0.000000E+00  0.276476E+07  0.857794E+07
  0.310610E-01  0.821226E+07  0.816215E+07  0.000000E+00  0.000000E+00  0.252320E+07  0.817491E+07
  0.326536E-01  0.781695E+07  0.776640E+07  0.000000E+00  0.000000E+00  0.229724E+07  0.778039E+07
  0.343277E-01  0.743239E+07  0.738189E+07  0.000000E+00  0.000000E+00  0.208700E+07  0.739673E+07
  0.360878E-01  0.706128E+07  0.701136E+07  0.000000E+00  0.000000E+00  0.189256E+07  0.702662E+07
  0.379380E-01  0.670625E+07  0.665749E+07  0.000000E+00  0.000000E+00  0.171389E+07  0.667268E+07
  0.398832E-01  0.637018E+07  0.632318E+07  0.000000E+00  0.000000E+00  0.155077E+07  0.633778E+07
  0.419280E-01  0.605542E+07  0.601078E+07  0.000000E+00  0.000000E+00  0.140271E+07  0.602426E+07
  0.440777E-01  0.576342E+07  0.572172E+07  0.000000E+00  0.000000E+00  0.126912E+07  0.573356E+07
  0.463376E-01  0.549437E+07  0.545610E+07  0.000000E+00  0.000000E+00  0.114898E+07  0.546584E+07
  0.487134E-01  0.524732E+07  0.521287E+07  0.000000E+00  0.000000E+00  0.104105E+07  0.522014E+07
  0.512110E-01  0.502066E+07  0.499027E+07  0.000000E+00  0.000000E+00  0.944031E+06  0.499482E+07
  0.538367E-01  0.481194E+07  0.478564E+07  0.000000E+00  0.000000E+00  0.856682E+06  0.478739E+07
  0.565969E-01  0.461764E+07  0.459526E+07  0.000000E+00  0.000000E+00  0.777570E+06  0.459434E+07
  0.594987E-01  0.443188E+07  0.441299E+07  0.000000E+00  0.000000E+00  0.705195E+06  0.440974E+07
  0.625493E-01  0.424736E+07  0.423132E+07  0.000000E+00  0.000000E+00  0.637987E+06  0.422629E+07
  0.657562E-01  0.405821E+07  0.404420E+07  0.000000E+00  0.000000E+00  0.574847E+06  0.403812E+07
  0.691276E-01  0.386144E+07  0.384852E+07  0.000000E+00  0.000000E+00  0.515312E+06  0.384223E+07
  0.726718E-01  0.365530E+07  0.364254E+07  0.000000E+00  0.000000E+00  0.459098E+06  0.363688E+07
  0.763978E-01  0.343876E+07  0.342535E+07  0.000000E+00  0.000000E+00  0.406091E+06  0.342107E+07
  0.803148E-01  0.321451E+07  0.319991E+07  0.000000E+00  0.000000E+00  0.356572E+06  0.319751E+07
  0.844327E-01  0.298985E+07  0.297390E+07  0.000000E+00  0.000000E+00  0.311237E+06  0.297354E+07
  0.887617E-01  0.277412E+07  0.275708E+07  0.000000E+00  0.000000E+00  0.270754E+06  0.275852E+07
  0.933125E-01  0.257618E+07  0.255873E+07  0.000000E+00  0.000000E+00  0.235538E+06  0.256134E+07
  0.980967E-01  0.240333E+07  0.238641E+07  0.000000E+00  0.000000E+00  0.205675E+06  0.238931E+07
  0.103126E+00  0.225996E+07  0.224456E+07  0.000000E+00  0.000000E+00  0.180890E+06  0.224680E+07
  0.108414E+00  0.214411E+07  0.213097E+07  0.000000E+00  0.000000E+00  0.160385E+06  0.213181E+07
  0.113972E+00  0.204670E+07  0.203609E+07  0.000000E+00  0.000000E+00  0.142966E+06  0.203523E+07
  0.119816E+00  0.195456E+07  0.194614E+07  0.000000E+00  0.000000E+00  0.127387E+06  0.194384E+07
  0.125959E+00  0.185522E+07  0.184813E+07  0.000000E+00  0.000000E+00  0.112717E+06  0.184516E+07
  0.132417E+00  0.174132E+07  0.173449E+07  0.000000E+00  0.000000E+00  0.985377E+05  0.173181E+07
  0.139206E+00  0.161380E+07  0.160640E+07  0.000000E+00  0.000000E+00  0.849812E+05  0.160477E+07
  0.146343E+00  0.148369E+07  0.147548E+07  0.000000E+00  0.000000E+00  0.726459E+05  0.147513E+07
  0.153846E+00  0.136538E+07  0.135681E+07  0.000000E+00  0.000000E+00  0.621175E+05  0.135731E+07
  0.161734E+00  0.127074E+07  0.126266E+07  0.000000E+00  0.000000E+00  0.536818E+05  0.126319E+07
  0.170026E+00  0.119927E+07  0.119243E+07  0.000000E+00  0.000000E+00  0.470156E+05  0.119226E+07
  0.178744E+00  0.113941E+07  0.113394E+07  0.000000E+00  0.000000E+00  0.414261E+05  0.113290E+07
  0.187908E+00  0.107551E+07  0.107086E+07  0.000000E+00  0.000000E+00  0.362359E+05  0.106943E+07
  0.197543E+00  0.999785E+06  0.995184E+06  0.000000E+00  0.000000E+00  0.311902E+05  0.994081E+06
  0.207671E+00  0.918505E+06  0.913584E+06  0.000000E+00  0.000000E+00  0.265128E+05  0.913138E+06
  0.218318E+00  0.846178E+06  0.841229E+06  0.000000E+00  0.000000E+00  0.225858E+05  0.841155E+06
  0.229512E+00  0.790373E+06  0.785958E+06  0.000000E+00  0.000000E+00  0.194977E+05  0.785708E+06
  0.241279E+00  0.744765E+06  0.741078E+06  0.000000E+00  0.000000E+00  0.169708E+05  0.740441E+06
  0.253650E+00  0.696801E+06  0.693499E+06  0.000000E+00  0.000000E+00  0.146566E+05  0.692773E+06
  0.266655E+00  0.643290E+06  0.639985E+06  0.000000E+00  0.000000E+00  0.124815E+05  0.639524E+06
  0.280326E+00  0.592975E+06  0.589714E+06  0.000000E+00  0.000000E+00  0.106068E+05  0.589463E+06
  0.294699E+00  0.552346E+06  0.549418E+06  0.000000E+00  0.000000E+00  0.910417E+04  0.549089E+06
  0.309809E+00  0.516358E+06  0.513787E+06  0.000000E+00  0.000000E+00  0.783847E+04  0.513338E+06
  0.325693E+00  0.478550E+06  0.476115E+06  0.000000E+00  0.000000E+00  0.668635E+04  0.475739E+06
  0.342391E+00  0.441730E+06  0.439383E+06  0.000000E+00  0.000000E+00  0.567758E+04  0.439116E+06
  0.359946E+00  0.410279E+06  0.408145E+06  0.000000E+00  0.000000E+00  0.484875E+04  0.407857E+06
  0.378401E+00  0.381336E+06  0.379399E+06  0.000000E+00  0.000000E+00  0.414173E+04  0.379091E+06
  0.397802E+00  0.352525E+06  0.350693E+06  0.000000E+00  0.000000E+00  0.351689E+04  0.350441E+06
  0.418198E+00  0.326299E+06  0.324600E+06  0.000000E+00  0.000000E+00  0.298865E+04  0.324368E+06
  0.439639E+00  0.302558E+06  0.301005E+06  0.000000E+00  0.000000E+00  0.254309E+04  0.300770E+06
  0.462180E+00  0.279742E+06  0.278292E+06  0.000000E+00  0.000000E+00  0.215676E+04  0.278085E+06
  0.485877E+00  0.258771E+06  0.257432E+06  0.000000E+00  0.000000E+00  0.182918E+04  0.257238E+06
  0.510788E+00  0.239408E+06  0.238174E+06  0.000000E+00  0.000000E+00  0.155091E+04  0.237990E+06
  0.536976E+00  0.221220E+06  0.220075E+06  0.000000E+00  0.000000E+00  0.131280E+04  0.219908E+06
  0.564508E+00  0.204486E+06  0.203430E+06  0.000000E+00  0.000000E+00  0.111117E+04  0.203273E+06
  0.593451E+00  0.188880E+06  0.187904E+06  0.000000E+00  0.000000E+00  0.939452E+03  0.187760E+06
  0.623878E+00  0.174440E+06  0.173539E+06  0.000000E+00  0.000000E+00  0.793839E+03  0.173405E+06
  0.655865E+00  0.161042E+06  0.160210E+06  0.000000E+00  0.000000E+00  0.670285E+03  0.160086E+06
  0.689491E+00  0.148634E+06  0.147866E+06  0.000000E+00  0.000000E+00  0.565601E+03  0.147751E+06
  0.724842E+00  0.137137E+06  0.136429E+06  0.000000E+00  0.000000E+00  0.476937E+03  0.136322E+06
  0.762006E+00  0.126495E+06  0.125842E+06  0.000000E+00  0.000000E+00  0.401924E+03  0.125743E+06
  0.801075E+00  0.116642E+06  0.116040E+06  0.000000E+00  0.000000E+00  0.338485E+03  0.115949E+06
  0.842147E+00  0.107527E+06  0.106972E+06  0.000000E+00  0.000000E+00  0.284885E+03  0.106888E+06
  0.885324E+00  0.990967E+05  0.985852E+05  0.000000E+00  0.000000E+00  0.239628E+03  0.985075E+05
  0.930716E+00  0.913033E+05  0.908321E+05  0.000000E+00  0.000000E+00  0.201445E+03  0.907604E+05
  0.978435E+00  0.841018E+05  0.836678E+05  0.000000E+00  0.000000E+00  0.169252E+03  0.836016E+05
  0.102860E+01  0.774485E+05  0.770488E+05  0.000000E+00  0.000000E+00  0.142125E+03  0.769878E+05
  0.108134E+01  0.713033E+05  0.709354E+05  0.000000E+00  0.000000E+00  0.119280E+03  0.708792E+05
  0.113678E+01  0.656295E+05  0.652909E+05  0.000000E+00  0.000000E+00  0.100054E+03  0.652391E+05
  0.119506E+01  0.603930E+05  0.600814E+05  0.000000E+00  0.000000E+00  0.838849E+02  0.600336E+05
  0.125634E+01  0.555612E+05  0.552746E+05  0.000000E+00  0.000000E+00  0.702936E+02  0.552306E+05
  0.132075E+01  0.511041E+05  0.508405E+05  0.000000E+00  0.000000E+00  0.588756E+02  0.508000E+05
  0.138847E+01  0.469944E+05  0.467520E+05  0.000000E+00  0.000000E+00  0.492889E+02  0.467147E+05
  0.145965E+01  0.432062E+05  0.429833E+05  0.000000E+00  0.000000E+00  0.412448E+02  0.429490E+05
  0.153449E+01  0.397146E+05  0.395098E+05  0.000000E+00  0.000000E+00  0.344975E+02  0.394782E+05
  0.161317E+01  0.364975E+05  0.363092E+05  0.000000E+00  0.000000E+00  0.288416E+02  0.362802E+05
  0.169588E+01  0.335341E+05  0.333611E+05  0.000000E+00  0.000000E+00  0.241026E+02  0.333345E+05
  0.178283E+01  0.308051E+05  0.306462E+05  0.000000E+00  0.000000E+00  0.201339E+02  0.306217E+05
  0.187423E+01  0.282929E+05  0.281469E+05  0.000000E+00  0.000000E+00  0.168120E+02  0.281244E+05
  0.197033E+01  0.259807E+05  0.258467E+05  0.000000E+00  0.000000E+00  0.140328E+02  0.258260E+05
  0.207135E+01  0.238529E+05  0.237299E+05  0.000000E+00  0.000000E+00  0.117084E+02  0.237109E+05
  0.217755E+01  0.218953E+05  0.217824E+05  0.000000E+00  0.000000E+00  0.976546E+01  0.217650E+05
  0.228919E+01  0.200948E+05  0.199911E+05  0.000000E+00  0.000000E+00  0.814195E+01  0.199751E+05
  0.240656E+01  0.184391E+05  0.183440E+05  0.000000E+00  0.000000E+00  0.678599E+01  0.183293E+05
  0.252995E+01  0.169170E+05  0.168297E+05  0.000000E+00  0.000000E+00  0.565395E+01  0.168163E+05
  0.265966E+01  0.155180E+05  0.154379E+05  0.000000E+00  0.000000E+00  0.470919E+01  0.154256E+05
  0.279603E+01  0.142323E+05  0.141588E+05  0.000000E+00  0.000000E+00  0.392101E+01  0.141475E+05
  0.293938E+01  0.130509E+05  0.129836E+05  0.000000E+00  0.000000E+00  0.326373E+01  0.129732E+05
  0.309009E+01  0.119658E+05  0.119041E+05  0.000000E+00  0.000000E+00  0.271579E+01  0.118945E+05
  0.324852E+01  0.109692E+05  0.109126E+05  0.000000E+00  0.000000E+00  0.225922E+01  0.109039E+05
  0.341507E+01  0.100542E+05  0.100023E+05  0.000000E+00  0.000000E+00  0.187885E+01  0.999427E+04
  0.359017E+01  0.921399E+04  0.916644E+04  0.000000E+00  0.000000E+00  0.156205E+01  0.915911E+04
  0.377424E+01  0.844280E+04  0.839922E+04  0.000000E+00  0.000000E+00  0.129833E+01  0.839251E+04
  0.396775E+01  0.773512E+04  0.769519E+04  0.000000E+00  0.000000E+00  0.107885E+01  0.768904E+04
  0.417118E+01  0.708576E+04  0.704917E+04  0.000000E+00  0.000000E+00  0.896253E+00  0.704355E+04
  0.438504E+01  0.648998E+04  0.645647E+04  0.000000E+00  0.000000E+00  0.744362E+00  0.645132E+04
  0.460987E+01  0.594350E+04  0.591280E+04  0.000000E+00  0.000000E+00  0.618068E+00  0.590810E+04
  0.484622E+01  0.544236E+04  0.541424E+04  0.000000E+00  0.000000E+00  0.513081E+00  0.540993E+04
  0.509469E+01  0.498282E+04  0.495707E+04  0.000000E+00  0.000000E+00  0.425834E+00  0.495313E+04
  0.535590E+01  0.456148E+04  0.453790E+04  0.000000E+00  0.000000E+00  0.353339E+00  0.453430E+04
  0.563050E+01  0.417526E+04  0.415367E+04  0.000000E+00  0.000000E+00  0.293123E+00  0.415038E+04
  0.591919E+01  0.382129E+04  0.380153E+04  0.000000E+00  0.000000E+00  0.243121E+00  0.379852E+04
  0.622267E+01  0.349689E+04  0.347879E+04  0.000000E+00  0.000000E+00  0.201606E+00  0.347605E+04
  0.654171E+01  0.319966E+04  0.318310E+04  0.000000E+00  0.000000E+00  0.167147E+00  0.318059E+04
  0.687711E+01  0.292737E+04  0.291221E+04  0.000000E+00  0.000000E+00  0.138552E+00  0.290992E+04
  0.722971E+01  0.267793E+04  0.266405E+04  0.000000E+00  0.000000E+00  0.114827E+00  0.266197E+04
  0.760039E+01  0.244948E+04  0.243677E+04  0.000000E+00  0.000000E+00  0.951457E-01  0.243487E+04
  0.799007E+01  0.224028E+04  0.222865E+04  0.000000E+00  0.000000E+00  0.788269E-01  0.222692E+04
  0.839972E+01  0.204871E+04  0.203807E+04  0.000000E+00  0.000000E+00  0.652941E-01  0.203650E+04
  0.883039E+01  0.187334E+04  0.186360E+04  0.000000E+00  0.000000E+00  0.540756E-01  0.186217E+04
  0.928313E+01  0.171280E+04  0.170389E+04  0.000000E+00  0.000000E+00  0.447783E-01  0.170258E+04
  0.975909E+01  0.156585E+04  0.155769E+04  0.000000E+00  0.000000E+00  0.370725E-01  0.155651E+04
  0.102595E+02  0.143137E+04  0.142391E+04  0.000000E+00  0.000000E+00  0.306888E-01  0.142283E+04
  0.107855E+02  0.130831E+04  0.130148E+04  0.000000E+00  0.000000E+00  0.254007E-01  0.130051E+04
  0.113384E+02  0.119572E+04  0.118946E+04  0.000000E+00  0.000000E+00  0.210199E-01  0.118858E+04
  0.119198E+02  0.109271E+04  0.108699E+04  0.000000E+00  0.000000E+00  0.173928E-01  0.108618E+04
  0.125309E+02  0.998477E+03  0.993238E+03  0.000000E+00  0.000000E+00  0.143894E-01  0.992514E+03
  0.131734E+02  0.912291E+03  0.907495E+03  0.000000E+00  0.000000E+00  0.119034E-01  0.906842E+03
  0.138488E+02  0.833466E+03  0.829075E+03  0.000000E+00  0.000000E+00  0.984545E-02  0.828486E+03
  0.145588E+02  0.761386E+03  0.757366E+03  0.000000E+00  0.000000E+00  0.814234E-02  0.756835E+03
  0.153053E+02  0.695475E+03  0.691793E+03  0.000000E+00  0.000000E+00  0.673289E-02  0.691317E+03
  0.160900E+02  0.635218E+03  0.631845E+03  0.000000E+00  0.000000E+00  0.556687E-02  0.631418E+03
  0.169150E+02  0.580129E+03  0.577039E+03  0.000000E+00  0.000000E+00  0.460205E-02  0.576657E+03
  0.177822E+02  0.529775E+03  0.526944E+03  0.000000E+00  0.000000E+00  0.380421E-02  0.526603E+03
  0.186939E+02  0.483750E+03  0.481154E+03  0.000000E+00  0.000000E+00  0.314429E-02  0.480851E+03
  0.196524E+02  0.441687E+03  0.439308E+03  0.000000E+00  0.000000E+00  0.259858E-02  0.439039E+03
  0.206600E+02  0.403249E+03  0.401066E+03  0.000000E+00  0.000000E+00  0.214728E-02  0.400830E+03
  0.217193E+02  0.368126E+03  0.366123E+03  0.000000E+00  0.000000E+00  0.177428E-02  0.365916E+03
  0.228328E+02  0.336037E+03  0.334198E+03  0.000000E+00  0.000000E+00  0.146586E-02  0.334017E+03
  0.240035E+02  0.306719E+03  0.305030E+03  0.000000E+00  0.000000E+00  0.121091E-02  0.304874E+03
  0.252342E+02  0.279938E+03  0.278386E+03  0.000000E+00  0.000000E+00  0.100029E-02  0.278252E+03
  0.265280E+02  0.255475E+03  0.254049E+03  0.000000E+00  0.000000E+00  0.826162E-03  0.253935E+03
  0.278881E+02  0.233132E+03  0.231820E+03  0.000000E+00  0.000000E+00  0.682292E-03  0.231725E+03
  0.293179E+02  0.212728E+03  0.211519E+03  0.000000E+00  0.000000E+00  0.563431E-03  0.211442E+03
  0.308211E+02  0.194094E+03  0.192981E+03  0.000000E+00  0.000000E+00  0.465235E-03  0.192919E+03
  0.324013E+02  0.177079E+03  0.176052E+03  0.000000E+00  0.000000E+00  0.384108E-03  0.176005E+03
  0.340626E+02  0.161543E+03  0.160596E+03  0.000000E+00  0.000000E+00  0.317122E-03  0.160562E+03
  0.358090E+02  0.147360E+03  0.146484E+03  0.000000E+00  0.000000E+00  0.261767E-03  0.146463E+03
